 iter.       Mw      misfit   roughness
    0    0.0000    1.000000  0.000000E+00
     1. rmsres/max/min/offset:    0.0236   0.0008  -0.0479   0.0000
    1    5.7299    0.383571  0.197237E-01
     1. rmsres/max/min/offset:    0.0091   0.0396  -0.0204   0.0000
    2    5.7316    0.332326  0.116049E-01
     1. rmsres/max/min/offset:    0.0079   0.0241  -0.0202   0.0000
    3    5.7350    0.319491  0.830315E-02
     1. rmsres/max/min/offset:    0.0076   0.0219  -0.0198   0.0000
    4    5.7377    0.305713  0.767220E-02
     1. rmsres/max/min/offset:    0.0072   0.0205  -0.0179   0.0000
    5    5.7412    0.295570  0.712875E-02
     1. rmsres/max/min/offset:    0.0070   0.0192  -0.0170   0.0000
    6    5.7439    0.286910  0.672997E-02
     1. rmsres/max/min/offset:    0.0068   0.0183  -0.0157   0.0000
    7    5.7472    0.278517  0.664115E-02
     1. rmsres/max/min/offset:    0.0066   0.0175  -0.0153   0.0000
    8    5.7496    0.271928  0.629948E-02
     1. rmsres/max/min/offset:    0.0064   0.0168  -0.0151   0.0000
    9    5.7527    0.264792  0.632323E-02
     1. rmsres/max/min/offset:    0.0063   0.0161  -0.0149   0.0000
   10    5.7550    0.259373  0.601627E-02
     1. rmsres/max/min/offset:    0.0061   0.0156  -0.0148   0.0000
   11    5.7578    0.253304  0.604448E-02
     1. rmsres/max/min/offset:    0.0060   0.0151  -0.0146   0.0000
   12    5.7600    0.248812  0.574039E-02
     1. rmsres/max/min/offset:    0.0059   0.0146  -0.0145   0.0000
   13    5.7626    0.243478  0.578372E-02
     1. rmsres/max/min/offset:    0.0058   0.0141  -0.0144   0.0000
   14    5.7646    0.239456  0.553622E-02
     1. rmsres/max/min/offset:    0.0057   0.0137  -0.0143   0.0000
   15    5.7671    0.234669  0.558847E-02
     1. rmsres/max/min/offset:    0.0055   0.0133  -0.0142   0.0000
   16    5.7689    0.231026  0.538111E-02
     1. rmsres/max/min/offset:    0.0055   0.0130  -0.0141   0.0000
   17    5.7711    0.226686  0.543747E-02
     1. rmsres/max/min/offset:    0.0054   0.0126  -0.0140   0.0000
   18    5.7728    0.223366  0.525956E-02
     1. rmsres/max/min/offset:    0.0053   0.0123  -0.0140   0.0000
   19    5.7749    0.219399  0.531790E-02
     1. rmsres/max/min/offset:    0.0052   0.0120  -0.0139   0.0000
   20    5.7764    0.216358  0.516296E-02
     1. rmsres/max/min/offset:    0.0051   0.0117  -0.0138   0.0000
   21    5.7783    0.212711  0.522161E-02
     1. rmsres/max/min/offset:    0.0050   0.0114  -0.0138   0.0000
   22    5.7798    0.209909  0.508576E-02
     1. rmsres/max/min/offset:    0.0050   0.0111  -0.0137   0.0000
   23    5.7815    0.206543  0.514302E-02
     1. rmsres/max/min/offset:    0.0049   0.0109  -0.0137   0.0000
   24    5.7829    0.203949  0.502327E-02
     1. rmsres/max/min/offset:    0.0048   0.0106  -0.0136   0.0000
   25    5.7845    0.200830  0.507826E-02
     1. rmsres/max/min/offset:    0.0047   0.0104  -0.0136   0.0000
   26    5.7858    0.198420  0.497198E-02
     1. rmsres/max/min/offset:    0.0047   0.0102  -0.0135   0.0000
   27    5.7873    0.195521  0.502415E-02
     1. rmsres/max/min/offset:    0.0046   0.0099  -0.0135   0.0000
   28    5.7885    0.193274  0.492926E-02
     1. rmsres/max/min/offset:    0.0046   0.0097  -0.0135   0.0000
   29    5.7899    0.190573  0.497833E-02
     1. rmsres/max/min/offset:    0.0045   0.0095  -0.0134   0.0000
   30    5.7910    0.188474  0.489297E-02
     1. rmsres/max/min/offset:    0.0045   0.0095  -0.0134   0.0000
   31    5.7923    0.185950  0.493896E-02
     1. rmsres/max/min/offset:    0.0044   0.0095  -0.0133   0.0000
   32    5.7933    0.183984  0.486193E-02
     1. rmsres/max/min/offset:    0.0044   0.0094  -0.0133   0.0000
   33    5.7945    0.181619  0.490514E-02
     1. rmsres/max/min/offset:    0.0043   0.0094  -0.0133   0.0000
   34    5.7955    0.179774  0.483519E-02
     1. rmsres/max/min/offset:    0.0043   0.0094  -0.0132   0.0000
   35    5.7966    0.177553  0.487587E-02
     1. rmsres/max/min/offset:    0.0042   0.0093  -0.0132   0.0000
   36    5.7975    0.175818  0.481201E-02
     1. rmsres/max/min/offset:    0.0042   0.0093  -0.0132   0.0000
   37    5.7986    0.173728  0.485007E-02
     1. rmsres/max/min/offset:    0.0041   0.0092  -0.0132   0.0000
   38    5.7995    0.172093  0.479165E-02
     1. rmsres/max/min/offset:    0.0041   0.0092  -0.0131   0.0000
   39    5.8005    0.170124  0.482730E-02
     1. rmsres/max/min/offset:    0.0040   0.0091  -0.0131   0.0000
   40    5.8013    0.168582  0.477356E-02
     1. rmsres/max/min/offset:    0.0040   0.0091  -0.0131   0.0000
   41    5.8022    0.166723  0.480705E-02
     1. rmsres/max/min/offset:    0.0039   0.0090  -0.0130   0.0000
   42    5.8030    0.165266  0.475726E-02
     1. rmsres/max/min/offset:    0.0039   0.0089  -0.0130   0.0000
   43    5.8039    0.163510  0.478863E-02
     1. rmsres/max/min/offset:    0.0039   0.0089  -0.0130   0.0000
   44    5.8046    0.162137  0.474174E-02
     1. rmsres/max/min/offset:    0.0038   0.0088  -0.0130   0.0000
   45    5.8054    0.160474  0.477141E-02
     1. rmsres/max/min/offset:    0.0038   0.0087  -0.0130   0.0000
   46    5.8061    0.159174  0.472791E-02
     1. rmsres/max/min/offset:    0.0038   0.0087  -0.0129   0.0000
   47    5.8069    0.157601  0.475559E-02
     1. rmsres/max/min/offset:    0.0037   0.0086  -0.0129   0.0000
   48    5.8075    0.156369  0.471516E-02
     1. rmsres/max/min/offset:    0.0037   0.0085  -0.0129   0.0000
   49    5.8083    0.154878  0.474100E-02
     1. rmsres/max/min/offset:    0.0037   0.0084  -0.0129   0.0000
   50    5.8088    0.153710  0.470333E-02
     1. rmsres/max/min/offset:    0.0036   0.0084  -0.0128   0.0000
  seg  mean_slp mean_rake   max_slp      rake   pos_lat   pos_lon     pos_z
    1      0.01    -90.83      0.13    -86.42     37.97   -118.00      3.87
    2      0.01    -86.75      0.13    -85.88     37.96   -117.99      4.58
 ==================================
 Derived moment magnitude Mw =   5.8088 -   5.8101 (  5.8101)
 Ave/Std/Max stress drop [MPa]: 
   1      0.0770      0.1468      0.5023
   2      0.0831      0.1635      0.5714
 Data-model correlation:   0.9886
