       latitude      longitude observation     resiual  prediction     u_north      u_east        u_up
       37.65911     -118.42780    -0.00010     0.00008    -0.00018    -0.00040    -0.00009     0.00005
       37.65979     -118.14450     0.00015     0.00097    -0.00083    -0.00128    -0.00016    -0.00014
       37.88435     -118.42910     0.00047     0.00038     0.00009    -0.00010     0.00031     0.00023
       37.82862     -118.21580     0.00043     0.00119    -0.00076    -0.00047     0.00061    -0.00053
       37.82879     -118.07380    -0.00015     0.00236    -0.00251    -0.00106     0.00043    -0.00228
       37.94124     -118.21610    -0.00090     0.00028    -0.00118    -0.00007     0.00282    -0.00106
       37.90083     -118.12510    -0.00319     0.00134    -0.00453     0.00163     0.00380    -0.00619
       37.89861     -118.09100    -0.00503     0.00118    -0.00621     0.00222     0.00344    -0.00869
       37.92786     -118.12510    -0.00804    -0.00093    -0.00711     0.00261     0.00649    -0.00969
       37.92112     -118.09950    -0.00968    -0.00084    -0.00883     0.00353     0.00586    -0.01250
       37.91889     -118.08250    -0.01055    -0.00046    -0.01009     0.00399     0.00526    -0.01444
       37.93464     -118.09950    -0.01457    -0.00299    -0.01158     0.00420     0.00766    -0.01610
       37.93465     -118.08250    -0.01738    -0.00315    -0.01423     0.00501     0.00729    -0.01994
       37.90088     -118.05680    -0.00746     0.00087    -0.00832     0.00293     0.00269    -0.01186
       37.90089     -118.02270    -0.00854     0.00088    -0.00942     0.00309     0.00108    -0.01350
       37.92115     -118.06540    -0.01340    -0.00111    -0.01229     0.00467     0.00486    -0.01763
       37.92115     -118.04830    -0.01482    -0.00107    -0.01374     0.00501     0.00388    -0.01976
       37.93466     -118.06540    -0.02017    -0.00336    -0.01681     0.00556     0.00646    -0.02357
       37.93467     -118.04550    -0.02282    -0.00348    -0.01934     0.00595     0.00502    -0.02710
       37.92116     -118.02840    -0.01727    -0.00235    -0.01492     0.00522     0.00241    -0.02152
       37.92117     -118.01140    -0.01661    -0.00128    -0.01533     0.00521     0.00092    -0.02220
       37.93018     -118.02560    -0.02202    -0.00323    -0.01879     0.00596     0.00276    -0.02671
       37.93918     -118.03130    -0.02842    -0.00535    -0.02307     0.00617     0.00411    -0.03192
       37.93468     -118.01140    -0.02628    -0.00474    -0.02154     0.00621     0.00146    -0.03040
       37.95488     -118.12800    -0.01109    -0.00132    -0.00977     0.00178     0.00909    -0.01205
       37.94815     -118.09960    -0.01782    -0.00282    -0.01500     0.00422     0.00960    -0.02006
       37.94817     -118.08250    -0.02424    -0.00523    -0.01901     0.00505     0.00919    -0.02557
       37.96167     -118.09960    -0.02019    -0.00183    -0.01835     0.00285     0.01109    -0.02302
       37.95943     -118.08250    -0.02666    -0.00324    -0.02342     0.00382     0.01058    -0.02994
       37.97515     -118.13660    -0.00705    -0.00063    -0.00641    -0.00055     0.00671    -0.00663
       37.97966     -118.12240    -0.00849    -0.00031    -0.00819    -0.00106     0.00652    -0.00847
       37.99091     -118.13660    -0.00220    -0.00433     0.00214     0.00127     0.00102     0.00186
       37.98868     -118.11950    -0.00433    -0.00129    -0.00304     0.00023     0.00253    -0.00357
       37.97519     -118.09390    -0.01892     0.00147    -0.02039    -0.00042     0.01101    -0.02326
       37.97968     -118.10530    -0.01277    -0.00021    -0.01256    -0.00161     0.00815    -0.01323
       37.97069     -118.08820    -0.02478    -0.00092    -0.02386     0.00100     0.01147    -0.02843
       37.97070     -118.07680    -0.02930    -0.00032    -0.02898     0.00086     0.01115    -0.03462
       37.97969     -118.08820    -0.01874     0.00238    -0.02112    -0.00164     0.01084    -0.02334
       37.99095     -118.09960    -0.00628    -0.01168     0.00540     0.00363     0.00041     0.00414
       37.94818     -118.06540    -0.02838    -0.00550    -0.02288     0.00541     0.00818    -0.03066
       37.95269     -118.05400    -0.03281    -0.00507    -0.02774     0.00490     0.00777    -0.03630
       37.96169     -118.06540    -0.03330    -0.00349    -0.02981     0.00318     0.00966    -0.03741
       37.96170     -118.04840    -0.03843    -0.00411    -0.03431     0.00270     0.00807    -0.04277
       37.95044     -118.03130    -0.03588    -0.00578    -0.03010     0.00523     0.00519    -0.03972
       37.94820     -118.01420    -0.03572    -0.00570    -0.03002     0.00568     0.00269    -0.04023
       37.96171     -118.03130    -0.04180    -0.00413    -0.03767     0.00232     0.00611    -0.04684
       37.96171     -118.01420    -0.04399    -0.00414    -0.03985     0.00223     0.00362    -0.04974
       37.97070     -118.07110    -0.03255    -0.00119    -0.03136     0.00070     0.01078    -0.03745
       37.97971     -118.05980    -0.02929     0.00837    -0.03766    -0.00204     0.00981    -0.04337
       37.97522     -118.04270    -0.03943     0.00263    -0.04206    -0.00191     0.00785    -0.04908
       37.97972     -118.02560    -0.03996     0.00588    -0.04585    -0.00398     0.00454    -0.05267
       37.97072     -118.00850    -0.04672    -0.00113    -0.04559    -0.00165     0.00280    -0.05418
       37.97973     -118.00850    -0.04195     0.00521    -0.04715    -0.00481     0.00180    -0.05403
       37.65980     -117.86120    -0.00015     0.00073    -0.00088    -0.00131     0.00021    -0.00014
       37.65913     -117.57780    -0.00003     0.00019    -0.00022    -0.00042     0.00013     0.00004
       37.82880     -117.93180    -0.00029     0.00217    -0.00246    -0.00134    -0.00029    -0.00211
       37.82863     -117.78990    -0.00013     0.00055    -0.00068    -0.00063    -0.00039    -0.00044
       37.90089     -117.98290    -0.00797     0.00115    -0.00912     0.00266    -0.00108    -0.01310
       37.90088     -117.94880    -0.00531     0.00223    -0.00754     0.00203    -0.00246    -0.01090
       37.92117     -117.99150    -0.01572    -0.00071    -0.01500     0.00496    -0.00092    -0.02185
       37.92117     -117.97440    -0.01497    -0.00095    -0.01403     0.00457    -0.00238    -0.02056
       37.93018     -117.99720    -0.02156    -0.00250    -0.01906     0.00585    -0.00037    -0.02735
       37.93018     -117.98580    -0.02210    -0.00360    -0.01849     0.00564    -0.00166    -0.02667
       37.93919     -117.99720    -0.02827    -0.00426    -0.02401     0.00621    -0.00026    -0.03362
       37.93918     -117.98010    -0.02631    -0.00357    -0.02274     0.00594    -0.00265    -0.03218
       37.93918     -117.96870    -0.02432    -0.00307    -0.02126     0.00568    -0.00410    -0.03037
       37.92116     -117.95740    -0.01129     0.00122    -0.01251     0.00409    -0.00359    -0.01853
       37.92115     -117.93740    -0.00908     0.00121    -0.01029     0.00347    -0.00460    -0.01551
       37.93467     -117.95730    -0.01940    -0.00210    -0.01730     0.00518    -0.00486    -0.02529
       37.93242     -117.94030    -0.01401    -0.00034    -0.01367     0.00446    -0.00582    -0.02048
       37.91436     -117.89770    -0.00267     0.00264    -0.00531     0.00171    -0.00442    -0.00820
       37.94819     -117.99150    -0.03345    -0.00368    -0.02977     0.00572    -0.00106    -0.04042
       37.95270     -117.99150    -0.03891    -0.00573    -0.03318     0.00507    -0.00104    -0.04413
       37.94369     -117.98010    -0.03050    -0.00497    -0.02552     0.00591    -0.00284    -0.03557
       37.95270     -117.97440    -0.03512    -0.00419    -0.03093     0.00506    -0.00425    -0.04177
       37.96171     -117.99150    -0.04396    -0.00365    -0.04031     0.00266    -0.00096    -0.05116
       37.96621     -117.97440    -0.04479    -0.00352    -0.04127     0.00157    -0.00529    -0.05211
       37.94819     -117.95730    -0.02830    -0.00416    -0.02414     0.00535    -0.00639    -0.03393
       37.94367     -117.93460    -0.01931    -0.00298    -0.01633     0.00476    -0.00779    -0.02417
       37.95269     -117.94600    -0.02609    -0.00258    -0.02350     0.00489    -0.00832    -0.03307
       37.96621     -117.96300    -0.04161    -0.00375    -0.03786     0.00197    -0.00786    -0.04854
       37.95719     -117.93460    -0.02397    -0.00226    -0.02172     0.00422    -0.01008    -0.03064
       37.96619     -117.93460    -0.02813    -0.00297    -0.02516     0.00255    -0.01163    -0.03388
       37.97072     -117.99720    -0.04790    -0.00142    -0.04648    -0.00125     0.00046    -0.05583
       37.97072     -117.99150    -0.04711    -0.00052    -0.04659    -0.00097    -0.00099    -0.05633
       37.97973     -117.99720    -0.04285     0.00646    -0.04932    -0.00436    -0.00019    -0.05722
       37.97747     -117.97440    -0.04246     0.00638    -0.04884    -0.00238    -0.00651    -0.05878
       37.97747     -117.95730    -0.03692     0.00494    -0.04186    -0.00152    -0.01086    -0.05137
       37.97070     -117.93460    -0.02755    -0.00126    -0.02628     0.00124    -0.01231    -0.03444
       37.97971     -117.94020    -0.02953     0.00044    -0.02997    -0.00168    -0.01292    -0.03700
       37.94817     -117.92320    -0.01548    -0.00059    -0.01489     0.00421    -0.00905    -0.02218
       37.94816     -117.90610    -0.00835     0.00228    -0.01064     0.00300    -0.00903    -0.01615
       37.95943     -117.92030    -0.01767    -0.00058    -0.01709     0.00325    -0.01100    -0.02444
       37.96167     -117.90610    -0.01035     0.00210    -0.01246     0.00180    -0.01074    -0.01775
       37.95489     -117.88050    -0.00256     0.00347    -0.00603     0.00072    -0.00791    -0.00882
       37.97069     -117.91750    -0.01759    -0.00049    -0.01711     0.00060    -0.01194    -0.02275
       37.97971     -117.92890    -0.02028     0.00031    -0.02058    -0.00181    -0.01231    -0.02537
       37.97970     -117.91750    -0.01523    -0.00234    -0.01289    -0.00207    -0.01025    -0.01555
       37.97969     -117.90610    -0.00967    -0.00168    -0.00799    -0.00186    -0.00816    -0.00946
       37.97969     -117.90040    -0.00564     0.00057    -0.00621    -0.00170    -0.00729    -0.00729
       37.98871     -117.91750    -0.00910    -0.01187     0.00276     0.00144    -0.00233     0.00210
       37.99321     -117.91750    -0.00365    -0.01285     0.00920     0.00672     0.00157     0.00678
       37.99095     -117.90320    -0.00252    -0.00640     0.00388     0.00215    -0.00082     0.00316
       37.98192     -117.87760    -0.00068     0.00039    -0.00108    -0.00075    -0.00386    -0.00127
       37.94125     -117.78950     0.00047     0.00091    -0.00044    -0.00025    -0.00214    -0.00062
       37.88437     -117.57660    -0.00003    -0.00015     0.00012    -0.00014    -0.00024     0.00021
       38.22263     -118.28840     0.00082    -0.00038     0.00120     0.00166    -0.00081     0.00022
       38.22264     -117.71740    -0.00019    -0.00116     0.00097     0.00150     0.00073     0.00024
